# Reg = Trace Lasso, theta = 
# , 
 1, 1, 1, 1, 1, -1, 1, 1, -1, 1, -1, -1, -1, -1, -1, 1, 
 1, 1, 1, 1, 1, -1, -1, 1, 1, -1, 1, -1, 1, -1, -1, 1, 
 1, 1, 1, -1, 1, -1, -1, 1, -1, -1, -1, -1, 1, -1, -1, 1, 
 1, 1, -1, 1, 1, -1, -1, 1, -1, 1, -1, 1, -1, 1, -1, -1, 
 1, 1, 1, 1, 1, 1, -1, -1, -1, 1, 1, 1, 1, 1, -1, 1, 
 -1, -1, -1, -1, 1, 1, -1, 1, -1, 1, 1, 1, 1, 1, -1, -1, 
 1, -1, -1, -1, -1, -1, 1, -1, 1, -1, -1, -1, 1, -1, -1, 1, 
 1, 1, 1, 1, -1, 1, -1, 1, 1, 1, -1, -1, 1, 1, 1, 1, 
 -1, 1, -1, -1, -1, -1, 1, 1, 1, 1, 1, -1, -1, -1, 1, 1, 
 1, -1, -1, 1, 1, 1, -1, 1, 1, 1, 1, -1, 1, 1, -1, 1, 
 -1, 1, -1, -1, 1, 1, -1, -1, 1, 1, 1, -1, -1, 1, 1, 1, 
 -1, -1, -1, 1, 1, 1, -1, -1, -1, -1, -1, 1, 1, -1, -1, -1, 
 -1, 1, 1, -1, 1, 1, 1, 1, -1, 1, -1, 1, 1, 1, 1, -1, 
 -1, -1, -1, 1, 1, 1, -1, 1, -1, 1, 1, -1, 1, 1, -1, 1, 
 -1, -1, -1, -1, -1, -1, -1, 1, 1, -1, 1, -1, 1, -1, 1, -1, 
 1, 1, 1, -1, 1, -1, 1, 1, 1, 1, 1, -1, -1, 1, -1, 1, 
 